6.000000000000000000e+01 -1.000000000000000000e+00 -3.340847497723330672e+00 5.238566515109661648e-01
7.000000000000000000e+01 -3.108265999981085770e-02 -1.038424268829531566e-01 -9.836251706057391742e-01
8.000000000000000000e+01 -1.281302000006689923e-02 -4.280634580550248675e-02 -1.368491844444169825e+00
9.000000000000000000e+01 -2.719809999689459801e-03 -9.086470431745423404e-03 -2.041604782310924016e+00
1.000000000000000000e+02 -1.444720000108645763e-03 -4.826589197273818861e-03 -2.316359663466235119e+00
1.100000000000000000e+02 -2.048320000085368520e-03 -6.843124746821855134e-03 -2.164745542955237134e+00
1.200000000000000000e+02 -1.755870000124559738e-03 -5.866093896243599476e-03 -2.231650989719922595e+00
1.300000000000000000e+02 -9.560499997860461008e-04 -3.194017249483602564e-03 -2.495662742757549957e+00
1.400000000000000000e+02 -3.976600000896723941e-04 -1.328521416244241374e-03 -2.876631440213636370e+00
1.500000000000000000e+02 -2.675300002010772005e-04 -8.937769317376907880e-04 -3.048770858613133239e+00
