6.000000000000000000e+01 0.000000000000000000e+00 0.000000000000000000e+00
7.000000000000000000e+01 -4.744680000015932819e-03 -1.585125230555116047e-02
8.000000000000000000e+01 -1.399770000006128612e-03 -4.676418101908661092e-03
9.000000000000000000e+01 -3.361999999924591975e-04 -1.123192928709391145e-03
1.000000000000000000e+02 -9.392999999136009137e-05 -3.138058054322878220e-04
1.100000000000000000e+02 -5.601000000865496986e-05 -1.871208683763986584e-04
1.200000000000000000e+02 -3.698000000440515578e-05 -1.235445404805257132e-04
1.300000000000000000e+02 -2.276000000733802153e-05 -7.603768907269821073e-05
1.400000000000000000e+02 -1.450999999974555976e-05 -4.847569719111547386e-05
1.500000000000000000e+02 -8.469999983162779245e-06 -2.829697824946602277e-05
